0.000000
0.000000
0.450563
0.901126
1.351690
1.802253
2.252816
2.703379
3.153942
3.604506
4.055069
4.505632
4.956195
5.406758
5.857322
6.307885
6.758448
7.209011
7.659574
8.110138
8.560701
9.011264
9.461827
9.912390
10.362954
10.813517
11.264080
11.714643
12.165207
12.615770
13.066333
13.516896
13.967459
14.418023
14.868586
15.319149
15.769712
16.220275
16.670839
17.121402
17.571965
18.022528
18.473091
18.923655
19.374218
19.824781
20.275344
20.725907
21.176471
21.627034
22.077597
22.528160
22.978723
23.429287
23.879850
24.330413
24.780976
25.231539
25.682103
26.132666
26.583229
27.033792
27.484355
27.934919
28.385482
28.836045
29.286608
29.737171
30.187735
30.638298
31.088861
31.539424
31.989987
32.440551
32.891114
33.341677
33.792240
34.242804
34.693367
35.143930
35.594493
36.045056
36.495620
36.946183
37.396746
37.847309
38.297872
38.748436
39.198999
39.649562
40.100125
40.550688
41.001252
41.451815
41.902378
42.352941
42.803504
43.254068
43.704631
44.155194
44.605757
45.056320
45.506884
45.957447
46.408010
46.858573
47.309136
47.759700
48.210263
48.660826
49.111389
49.561952
50.012516
50.463079
50.913642
51.364205
51.814768
52.265332
52.715895
53.166458
53.617021
54.067584
54.518148
54.968711
55.419274
55.869837
56.320401
56.770964
57.221527
57.672090
58.122653
58.573217
59.023780
59.474343
59.924906
60.375469
60.826033
61.276596
61.727159
62.177722
62.628285
63.078849
63.529412
63.979975
64.430538
64.881101
65.331665
65.782228
66.232791
66.683354
67.133917
67.584481
68.035044
68.485607
68.936170
69.386733
69.837297
70.287860
70.738423
71.188986
71.639549
72.090113
72.540676
72.991239
73.441802
73.892365
74.342929
74.793492
75.244055
75.694618
76.145181
76.595745
77.046308
77.496871
77.947434
78.397997
78.848561
79.299124
79.749687
80.200250
80.650814
81.101377
81.551940
82.002503
82.453066
82.903630
83.354193
83.804756
84.255319
84.705882
85.156446
85.607009
86.057572
86.508135
86.958698
87.409262
87.859825
88.310388
88.760951
89.211514
89.662078
90.112641
90.563204
91.013767
91.464330
91.914894
92.365457
92.816020
93.266583
93.717146
94.167710
94.618273
95.068836
95.519399
95.969962
96.420526
96.871089
97.321652
97.772215
98.222778
98.673342
99.123905
99.574468
100.025031
100.475594
100.926158
101.376721
101.827284
102.277847
102.728411
103.178974
103.629537
104.080100
104.530663
104.981227
105.431790
105.882353
106.332916
106.783479
107.234043
107.684606
108.135169
108.585732
109.036295
109.486859
109.937422
110.387985
110.838548
111.289111
111.739675
112.190238
112.640801
113.091364
113.541927
113.992491
114.443054
114.893617
115.344180
115.794743
116.245307
116.695870
117.146433
117.596996
118.047559
118.498123
118.948686
119.399249
119.849812
120.300375
120.750939
121.201502
121.652065
122.102628
122.553191
123.003755
123.454318
123.904881
124.355444
124.806008
125.256571
125.707134
126.157697
126.608260
127.058824
127.509387
127.959950
128.410513
128.861076
129.311640
129.762203
130.212766
130.663329
131.113892
131.564456
132.015019
132.465582
132.916145
133.366708
133.817272
134.267835
134.718398
135.168961
135.619524
136.070088
136.520651
136.971214
137.421777
137.872340
138.322904
138.773467
139.224030
139.674593
140.125156
140.575720
141.026283
141.476846
141.927409
142.377972
142.828536
143.279099
143.729662
144.180225
144.630788
145.081352
145.531915
145.982478
146.433041
146.883605
147.334168
147.784731
148.235294
148.685857
149.136421
149.586984
150.037547
150.488110
150.938673
151.389237
151.839800
152.290363
152.740926
153.191489
153.642053
154.092616
154.543179
154.993742
155.444305
155.894869
156.345432
156.795995
157.246558
157.697121
158.147685
158.598248
159.048811
159.499374
159.949937
160.400501
160.851064
161.301627
161.752190
162.202753
162.653317
163.103880
163.554443
164.005006
164.455569
164.906133
165.356696
165.807259
166.257822
166.708385
167.158949
167.609512
168.060075
168.510638
168.961202
169.411765
169.862328
170.312891
170.763454
171.214018
171.664581
172.115144
172.565707
173.016270
173.466834
173.917397
174.367960
174.818523
175.269086
175.719650
176.170213
176.620776
177.071339
177.521902
177.972466
178.423029
178.873592
179.324155
179.774718
180.225282
180.675845
181.126408
181.576971
182.027534
182.478098
182.928661
183.379224
183.829787
184.280350
184.730914
185.181477
185.632040
186.082603
186.533166
186.983730
187.434293
187.884856
188.335419
188.785982
189.236546
189.687109
190.137672
190.588235
191.038798
191.489362
191.939925
192.390488
192.841051
193.291615
193.742178
194.192741
194.643304
195.093867
195.544431
195.994994
196.445557
196.896120
197.346683
197.797247
198.247810
198.698373
199.148936
199.599499
200.050063
200.500626
200.951189
201.401752
201.852315
202.302879
202.753442
203.204005
203.654568
204.105131
204.555695
205.006258
205.456821
205.907384
206.357947
206.808511
207.259074
207.709637
208.160200
208.610763
209.061327
209.511890
209.962453
210.413016
210.863579
211.314143
211.764706
212.215269
212.665832
213.116395
213.566959
214.017522
214.468085
214.918648
215.369212
215.819775
216.270338
216.720901
217.171464
217.622028
218.072591
218.523154
218.973717
219.424280
219.874844
220.325407
220.775970
221.226533
221.677096
222.127660
222.578223
223.028786
223.479349
223.929912
224.380476
224.831039
225.281602
225.732165
226.182728
226.633292
227.083855
227.534418
227.984981
228.435544
228.886108
229.336671
229.787234
230.237797
230.688360
231.138924
231.589487
232.040050
232.490613
232.941176
233.391740
233.842303
234.292866
234.743429
235.193992
235.644556
236.095119
236.545682
236.996245
237.446809
237.897372
238.347935
238.798498
239.249061
239.699625
240.150188
240.600751
241.051314
241.501877
241.952441
242.403004
242.853567
243.304130
243.754693
244.205257
244.655820
245.106383
245.556946
246.007509
246.458073
246.908636
247.359199
247.809762
248.260325
248.710889
249.161452
249.612015
250.062578
250.513141
250.963705
251.414268
251.864831
252.315394
252.765957
253.216521
253.667084
254.117647
254.568210
255.018773
255.469337
255.919900
256.370463
256.821026
257.271589
257.722153
258.172716
258.623279
259.073842
259.524406
259.974969
260.425532
260.876095
261.326658
261.777222
262.227785
262.678348
263.128911
263.579474
264.030038
264.480601
264.931164
265.381727
265.832290
266.282854
266.733417
267.183980
267.634543
268.085106
268.535670
268.986233
269.436796
269.887359
270.337922
270.788486
271.239049
271.689612
272.140175
272.590738
273.041302
273.491865
273.942428
274.392991
274.843554
275.294118
275.744681
276.195244
276.645807
277.096370
277.546934
277.997497
278.448060
278.898623
279.349186
279.799750
280.250313
280.700876
281.151439
281.602003
282.052566
282.503129
282.953692
283.404255
283.854819
284.305382
284.755945
285.206508
285.657071
286.107635
286.558198
287.008761
287.459324
287.909887
288.360451
288.811014
289.261577
289.712140
290.162703
290.613267
291.063830
291.514393
291.964956
292.415519
292.866083
293.316646
293.767209
294.217772
294.668335
295.118899
295.569462
296.020025
296.470588
296.921151
297.371715
297.822278
298.272841
298.723404
299.173967
299.624531
300.075094
300.525657
300.976220
301.426783
301.877347
302.327910
302.778473
303.229036
303.679599
304.130163
304.580726
305.031289
305.481852
305.932416
306.382979
306.833542
307.284105
307.734668
308.185232
308.635795
309.086358
309.536921
309.987484
310.438048
310.888611
311.339174
311.789737
312.240300
312.690864
313.141427
313.591990
314.042553
314.493116
314.943680
315.394243
315.844806
316.295369
316.745932
317.196496
317.647059
318.097622
318.548185
318.998748
319.449312
319.899875
320.350438
320.801001
321.251564
321.702128
322.152691
322.603254
323.053817
323.504380
323.954944
324.405507
324.856070
325.306633
325.757196
326.207760
326.658323
327.108886
327.559449
328.010013
328.460576
328.911139
329.361702
329.812265
330.262829
330.713392
331.163955
331.614518
332.065081
332.515645
332.966208
333.416771
333.867334
334.317897
334.768461
335.219024
335.669587
336.120150
336.570713
337.021277
337.471840
337.922403
338.372966
338.823529
339.274093
339.724656
340.175219
340.625782
341.076345
341.526909
341.977472
342.428035
342.878598
343.329161
343.779725
344.230288
344.680851
345.131414
345.581977
346.032541
346.483104
346.933667
347.384230
347.834793
348.285357
348.735920
349.186483
349.637046
350.087610
350.538173
350.988736
351.439299
351.889862
352.340426
352.790989
353.241552
353.692115
354.142678
354.593242
355.043805
355.494368
355.944931
356.395494
356.846058
357.296621
357.747184
358.197747
358.648310
359.098874
359.549437
360.000000
360.000000
